19 19 19 19 19 19 19 19 19 19 19 19 19 19 19 19 19 19 19 19 19 19 19 19 19 19 19 19 19 19 19 19 19 19 19 19 19 19 19 19 19 19 19 19 19 19 19 19 19 19
19 19 19 19 19 19 19 19 19 19 19 19 19 19 19 19 19 19 19 19 19 19 19 19 19 19 19 19 19 19 19 19 19 19 19 19 19 19 19 19 19 19 19 19 19 19 19 19 19 19
19 19 19 19 19 19 19 19 19 19 19 19 19 19 19 19 19 19 19 19 19 19 19 19 19 19 19 19 19 19 19 19 19 19 19 19 19 19 19 19 19 19 19 19 19 19 19 19 19 19
19 19 19 19 19 19 19 19 19 19 19 19 19 19 19 19 19 19 19 19 19 19 19 19 19 19 19 19 19 19 19 19 19 19 19 19 19 19 19 19 19 19 19 19 19 19 19 19 19 19
19 19 19 19 19 19 19 19 19 19 19 19 19 19 19 19 19 19 19 19 19 19 19 19 19 19 19 19 19 19 19 19 19 19 19 19 19 19 19 19 19 19 19 19 19 19 19 19 19 19
19 19 19 19 19 19 19 19 19 19 19 19 19 19 19 19 19 19 19 19 19 19 19 19 19 19 19 19 19 19 19 19 19 19 19 19 19 19 19 19 19 19 19 19 19 19 19 19 19 19
19 19 19 19 19 19 19 19 28 26 26 26 26 26 26 26 29 19 28 26 26 26 26 26 26 26 26 29 19 19 19 28 26 26 26 26 26 26 26 26 26 26 29 19 19 19 19 19 19 19
19 19 19 19 19 19 19 19 24 16 32 32 32 32 32 16 25 26 27 16 1 1 1 1 1 1 1 25 26 26 26 27 16 1 38 38 38 38 38 38 38 38 23 19 19 19 19 19 19 19
19 19 19 19 19 19 19 19 24 16 32 17 17 17 32 16 16 16 16 16 1 20 21 21 21 22 1 16 16 16 16 16 16 16 38 38 38 38 38 38 38 38 23 19 19 19 19 19 19 19
19 19 19 19 19 19 19 19 24 16 32 17 36 17 32 16 16 16 16 16 1 23 19 19 19 24 1 16 16 16 16 16 16 16 38 38 38 38 38 38 38 38 23 19 19 19 19 19 19 19
19 19 19 19 19 19 19 19 24 16 32 17 17 17 32 16 16 16 16 16 1 23 19 19 19 24 1 16 16 16 16 16 16 16 38 38 38 38 38 38 38 38 23 19 19 19 19 19 19 19
19 19 19 19 19 19 19 19 24 16 32 17 17 17 32 16 16 16 16 16 1 25 26 26 26 27 1 16 16 16 16 16 16 16 38 38 38 38 38 38 38 38 23 19 19 19 19 19 19 19
19 19 19 19 19 19 19 19 24 16 32 32 17 32 32 16 16 16 16 16 1 1 38 38 38 1 1 1 1 1 1 1 1 1 38 38 38 38 38 38 38 38 23 19 19 19 19 19 19 19
19 19 19 19 19 19 19 19 24 16 16 16 1 16 16 16 16 16 16 16 16 16 38 38 38 16 16 16 16 16 16 16 16 16 16 16 16 38 38 38 20 21 31 19 19 19 19 19 19 19
19 19 19 19 19 19 19 19 30 22 16 16 1 16 16 16 16 16 16 16 16 16 38 38 38 16 16 16 16 16 16 16 16 16 16 16 16 38 38 38 23 19 19 19 19 19 19 19 19 19
19 19 19 19 19 19 19 19 19 24 16 16 1 16 16 16 16 16 16 16 16 16 38 38 38 16 16 16 16 16 16 16 16 16 16 16 16 38 38 38 23 19 19 19 19 19 19 19 19 19
19 19 19 19 19 19 19 19 28 27 16 16 1 16 16 16 16 16 16 16 16 16 38 38 38 1 1 1 16 16 16 16 16 16 16 16 16 38 38 38 23 19 19 19 19 19 19 19 19 19
19 19 19 19 19 19 19 28 27 16 16 16 1 16 16 16 16 16 16 16 16 16 38 38 38 16 16 16 16 16 16 16 16 16 16 38 38 38 38 38 23 19 19 19 19 19 19 19 19 19
19 19 19 19 19 19 19 24 16 16 1 1 1 16 16 16 16 16 16 16 16 16 38 38 38 16 16 16 16 16 16 16 16 16 16 38 38 38 38 38 23 19 19 19 19 19 19 19 19 19
19 19 19 19 19 19 19 24 16 16 1 16 16 16 16 16 16 16 16 16 16 1 38 38 38 1 16 16 16 16 16 16 16 16 16 38 38 38 38 38 23 19 19 19 19 19 19 19 19 19
19 19 19 19 19 19 19 24 16 16 1 16 16 1 38 38 38 38 38 38 38 38 38 38 38 38 38 38 38 38 16 16 16 38 38 38 38 38 1 16 23 19 19 19 19 19 19 19 19 19
19 19 19 19 19 19 19 24 16 16 1 16 16 1 38 38 38 38 38 38 38 38 38 38 38 38 38 38 38 38 1 1 1 38 38 38 38 38 1 20 31 19 19 19 19 19 19 19 19 19
19 19 19 19 19 19 19 24 16 16 1 16 16 1 38 38 38 38 38 38 38 38 38 38 38 38 38 38 38 38 16 16 16 38 38 38 38 38 2 23 19 19 19 19 19 19 19 19 19 19
19 19 19 19 19 19 19 30 22 16 1 16 16 1 16 16 16 16 16 16 16 1 38 38 38 1 16 16 16 16 16 16 16 16 16 38 38 38 1 23 19 19 19 19 19 19 19 19 19 19
19 19 19 19 19 19 19 19 24 16 1 16 16 1 16 16 16 16 16 16 16 16 38 38 38 16 16 16 16 16 16 16 16 16 16 38 38 38 1 23 19 19 19 19 19 19 19 19 19 19
19 19 19 19 19 19 19 19 27 16 1 16 16 1 1 16 16 16 16 16 16 16 38 38 38 16 16 16 16 16 16 16 16 16 16 38 38 38 1 23 19 19 19 19 19 19 19 19 19 19
19 19 19 19 19 19 19 24 16 16 1 16 16 16 1 16 16 16 16 16 16 16 38 38 38 16 16 16 16 16 16 16 16 16 16 38 38 38 1 23 19 19 19 19 19 19 19 19 19 19
19 19 19 19 19 19 19 24 16 16 1 16 16 16 1 16 16 16 16 16 16 16 38 38 38 1 1 1 16 16 16 16 16 16 16 38 38 38 1 23 19 19 19 19 19 19 19 19 19 19
19 19 19 19 19 19 19 24 16 16 1 16 16 16 1 16 16 16 16 16 16 16 38 38 38 16 16 1 16 16 16 16 16 16 16 38 38 38 1 23 19 19 19 19 19 19 19 19 19 19
19 19 19 19 19 19 19 24 16 16 1 1 1 1 1 1 16 16 16 16 16 16 38 38 38 16 16 1 16 16 1 16 16 16 16 38 38 38 1 23 19 19 19 19 19 19 19 19 19 19
19 19 19 19 19 19 19 24 16 16 1 2 1 1 1 1 16 16 16 16 16 16 38 38 38 16 16 1 16 16 1 16 16 16 16 16 1 16 20 31 19 19 19 19 19 19 19 19 19 19
19 19 19 19 19 19 19 30 22 16 1 1 1 1 1 1 16 16 16 16 16 16 38 38 38 16 16 1 1 1 1 16 16 16 16 16 1 1 23 19 19 19 19 19 19 19 19 19 19 19
19 19 19 19 19 19 19 19 24 16 1 1 1 2 1 1 16 16 16 16 16 16 38 38 38 16 16 16 16 16 16 16 16 16 16 1 1 1 23 19 19 19 19 19 19 19 19 19 19 19
19 19 19 19 19 19 19 19 24 16 1 1 1 1 1 1 16 16 16 16 16 16 38 38 38 16 16 16 16 16 16 16 16 16 16 1 1 2 23 19 19 19 19 19 19 19 19 19 19 19
19 19 19 19 19 19 19 19 24 16 1 1 1 1 1 1 16 16 16 16 16 16 38 38 38 16 16 16 16 16 16 16 16 16 16 1 1 1 23 19 19 19 19 19 19 19 19 19 19 19
19 19 19 19 19 19 19 28 27 16 16 16 16 16 16 16 16 16 16 16 16 16 38 38 38 16 16 16 16 16 16 16 16 16 16 1 1 1 25 29 19 19 19 19 19 19 19 19 19 19
19 19 19 19 19 19 19 24 16 16 16 16 16 16 16 16 16 16 16 16 1 1 1 1 1 1 1 16 16 16 16 16 16 16 1 1 1 1 1 25 29 19 19 19 19 19 19 19 19 19
19 19 19 19 19 19 19 24 16 16 16 16 16 16 16 16 16 16 16 1 1 1 1 2 1 1 1 1 16 16 1 16 16 1 1 2 1 1 1 1 23 19 19 19 19 19 19 19 19 19
19 19 19 19 19 19 19 24 16 16 16 16 16 16 16 16 16 16 16 1 1 1 1 1 1 1 1 1 16 16 16 16 1 1 1 1 1 1 1 1 23 19 19 19 19 19 19 19 19 19
19 19 19 19 19 19 19 24 16 16 33 16 16 16 16 16 16 16 16 1 1 1 1 1 1 1 2 1 1 16 16 16 1 1 1 1 1 16 1 2 23 19 19 19 19 19 19 19 19 19
19 19 19 19 19 19 19 24 16 16 1 16 16 1 1 1 1 1 1 1 2 1 1 1 1 1 1 1 1 1 1 1 1 1 16 1 1 1 1 1 23 19 19 19 19 19 19 19 19 19
19 19 19 19 19 19 19 24 16 16 1 1 1 1 16 20 21 21 22 1 1 1 1 1 1 1 1 20 21 21 22 1 1 1 1 1 1 1 1 1 23 19 19 19 19 19 19 19 19 19
19 19 19 19 19 19 19 24 16 16 16 16 16 16 20 31 19 19 30 22 1 1 1 1 1 1 20 31 19 19 24 1 1 16 1 1 16 1 1 1 23 19 19 19 19 19 19 19 19 19
19 19 19 19 19 19 19 30 21 21 21 21 21 21 31 19 19 19 19 30 21 21 21 21 21 21 31 19 19 19 30 22 1 1 1 1 1 1 20 21 31 19 19 19 19 19 19 19 19 19
19 19 19 19 19 19 19 19 19 19 19 19 19 19 19 19 19 19 19 19 19 19 19 19 19 19 19 19 19 19 19 30 21 21 21 21 21 21 31 19 19 19 19 19 19 19 19 19 19 19
19 19 19 19 19 19 19 19 19 19 19 19 19 19 19 19 19 19 19 19 19 19 19 19 19 19 19 19 19 19 19 19 19 19 19 19 19 19 19 19 19 19 19 19 19 19 19 19 19 19
19 19 19 19 19 19 19 19 19 19 19 19 19 19 19 19 19 19 19 19 19 19 19 19 19 19 19 19 19 19 19 19 19 19 19 19 19 19 19 19 19 19 19 19 19 19 19 19 19 19
19 19 19 19 19 19 19 19 19 19 19 19 19 19 19 19 19 19 19 19 19 19 19 19 19 19 19 19 19 19 19 19 19 19 19 19 19 19 19 19 19 19 19 19 19 19 19 19 19 19
19 19 19 19 19 19 19 19 19 19 19 19 19 19 19 19 19 19 19 19 19 19 19 19 19 19 19 19 19 19 19 19 19 19 19 19 19 19 19 19 19 19 19 19 19 19 19 19 19 19
19 19 19 19 19 19 19 19 19 19 19 19 19 19 19 19 19 19 19 19 19 19 19 19 19 19 19 19 19 19 19 19 19 19 19 19 19 19 19 19 19 19 19 19 19 19 19 19 19 19
