111 111 111 111 111 111 111 111 111 111 111 111 111 111 111 111 111 111 111 111 111 111 111 111 111 111 111 111 111 111 111 111 111 111 111 111 111 111 111 111 111 111 111 111 111 111 111 111 111 111 111 111 111 111 111 111 111 111 111 111 111 111 111 111 111 111 111 111 111 111 111 111 111 111 111 111 111 111 111 111 111 111 111 111 111 111 111 111 111 111 111 111 111 111 111 111 111 111 111 111 
111 111 111 111 111 111 111 111 111 111 111 111 111 111 111 111 111 111 111 111 111 111 111 111 111 111 111 111 111 111 111 111 111 111 111 111 111 111 111 111 111 111 111 111 111 111 111 111 111 111 111 111 111 111 111 111 111 111 111 111 111 111 111 111 111 111 111 111 111 111 111 111 111 111 111 111 111 111 111 111 111 111 111 111 111 111 111 111 111 111 111 111 111 111 111 111 111 111 111 111 
111 111 111 111 111 111 111 111 111 111 111 111 111 111 111 111 111 111 111 111 111 111 111 111 111 111 111 111 111 111 111 111 111 111 111 111 111 111 111 111 111 111 111 111 111 111 111 111 111 111 111 111 111 111 111 111 111 111 111 111 111 111 111 111 111 111 111 111 111 111 111 111 111 111 111 111 111 111 111 111 111 111 111 111 111 111 111 111 111 111 111 111 111 111 111 111 111 111 111 111 
111 111 111 111 111 111 111 111 111 111 111 111 111 111 111 111 111 111 111 111 111 111 111 111 111 111 111 111 111 111 111 111 111 111 111 111 111 111 111 111 111 111 111 111 111 111 111 111 111 111 111 111 111 111 111 111 111 111 111 111 111 111 111 111 111 111 111 111 111 111 111 111 111 111 111 111 111 111 111 111 111 111 111 111 111 111 111 111 111 111 111 111 111 111 111 111 111 111 111 111 
111 111 111 111 111 111 111 111 111 111 111 111 111 111 111 111 111 111 111 111 111 111 111 111 111 111 111 111 111 111 111 111 111 111 111 111 111 111 111 111 111 111 111 111 111 111 111 111 111 111 111 111 111 111 111 111 111 111 111 111 111 111 111 111 111 111 111 111 111 111 111 111 111 111 111 111 111 111 111 111 111 111 111 111 111 111 111 111 111 111 111 111 111 111 111 111 111 111 111 111 
111 111 111 111 111 111 111 111 111 111 111 111 111 111 111 111 111 111 111 111 111 111 111 111 111 111 111 111 111 111 111 111 111 111 111 111 111 111 111 111 111 111 111 111 111 111 111 111 111 111 111 111 111 111 111 111 111 111 111 111 111 111 111 111 111 111 111 111 111 111 111 111 111 111 111 111 111 111 111 111 111 111 111 111 111 111 111 111 111 111 111 111 111 111 111 111 111 111 111 111 
111 111 111 111 111 111 111 111 111 111 111 111 111 111 111 111 111 111 111 111 111 111 111 111 111 111 111 111 111 111 111 111 111 111 111 111 111 111 111 111 111 111 111 111 111 111 111 111 111 111 111 111 111 111 111 111 111 111 111 111 111 111 111 111 111 111 111 111 111 111 111 111 111 111 111 111 111 111 111 111 111 111 111 111 111 111 111 111 111 111 111 111 111 111 111 111 111 111 111 111 
111 111 111 111 111 111 111 111 111 111 111 111 111 111 111 111 111 111 111 111 111 111 111 111 111 111 111 111 111 111 111 111 111 111 111 111 111 111 111 111 111 111 111 111 111 111 111 111 111 111 111 111 111 111 111 111 111 111 111 111 111 111 111 111 111 111 111 111 111 111 111 111 111 111 111 111 111 111 111 111 111 111 111 111 111 111 111 111 111 111 111 111 111 111 111 111 111 111 111 111 
111 111 111 111 111 111 111 111 111 111 111 111 111 111 111 111 111 111 111 111 111 111 111 111 111 111 111 111 111 111 111 111 111 111 111 111 111 111 111 111 111 111 111 111 111 111 111 111 111 111 111 111 111 111 111 111 111 111 111 111 111 111 111 111 111 111 111 111 111 111 111 111 111 111 111 111 111 111 111 111 111 111 111 111 111 111 111 111 111 111 111 111 111 111 111 111 111 111 111 111 
111 111 111 111 111 111 111 111 111 111 111 111 111 111 111 111 111 111 111 111 111 111 111 111 111 111 111 111 111 111 111 111 111 111 111 111 111 111 111 111 111 111 111 111 111 111 111 111 111 111 111 111 111 111 111 111 111 111 111 111 111 111 111 111 111 111 111 111 111 111 111 111 111 111 111 111 111 111 111 111 111 111 111 111 111 111 111 111 111 111 111 111 111 111 111 111 111 111 111 111 
111 111 111 111 111 111 111 111 111 111 111 111 111 111 111 111 111 111 111 111 111 111 111 111 111 111 111 111 111 111 111 111 111 111 111 111 111 111 111 111 111 111 111 111 111 111 111 111 111 111 111 111 111 111 111 111 111 111 111 111 111 111 111 111 111 111 111 111 111 111 111 111 111 111 111 111 111 111 111 111 111 111 111 111 111 111 111 111 111 111 111 111 111 111 111 111 111 111 111 111 
111 111 111 111 111 111 111 111 111 111 111 111 111 111 111 111 111 111 111 111 111 111 111 111 111 111 111 111 111 111 111 111 111 111 111 111 111 111 111 111 111 111 111 111 111 111 111 111 111 111 111 111 111 111 111 111 111 111 111 111 111 111 111 111 111 111 111 111 111 111 111 111 111 111 111 111 111 111 111 111 111 111 111 111 111 111 111 111 111 111 111 111 111 111 111 111 111 111 111 111 
111 111 111 111 111 111 111 111 111 111 111 111 111 111 111 111 111 111 111 111 111 111 111 111 111 111 111 111 111 111 111 111 111 111 111 111 111 111 111 111 111 111 111 111 111 111 111 111 111 111 111 111 111 111 111 111 111 111 111 111 111 111 111 111 111 111 111 111 111 111 111 111 111 111 111 111 111 111 111 111 111 111 111 111 111 111 111 111 111 111 111 111 111 111 111 111 111 111 111 111 
111 111 111 111 111 111 111 111 111 111 111 111 111 111 111 111 111 111 111 111 111 111 111 111 111 111 111 111 111 111 111 111 111 111 111 111 111 111 111 111 111 111 111 111 111 111 111 111 111 111 111 111 111 111 111 111 111 111 111 111 111 111 111 111 111 111 111 111 111 111 111 111 111 111 111 111 111 111 111 111 111 111 111 111 111 111 111 111 111 111 111 111 111 111 111 111 111 111 111 111 
111 111 111 111 111 111 111 111 111 111 111 111 111 111 111 111 111 111 111 111 111 111 111 111 111 111 111 111 111 111 111 111 111 111 111 111 111 111 111 111 111 111 111 111 111 111 111 111 111 111 111 111 111 111 111 111 111 111 111 111 111 111 111 111 111 111 111 111 111 111 111 111 111 111 111 111 111 111 111 111 111 111 111 111 111 111 111 111 111 111 111 111 111 111 111 111 111 111 111 111 
111 111 111 111 111 111 111 111 111 111 111 111 111 111 111 111 111 111 111 111 111 111 111 111 111 111 111 111 111 111 111 111 111 111 111 111 111 111 111 111 111 111 111 111 111 111 111 111 111 111 111 111 111 111 111 111 111 111 111 111 111 111 111 111 111 111 111 111 111 111 111 111 111 111 111 111 111 111 111 111 111 111 111 111 111 111 111 111 111 111 111 111 111 111 111 111 111 111 111 111 
111 111 111 111 111 111 111 111 111 111 111 111 111 111 111 111 111 111 111 111 111 111 111 111 111 111 111 111 111 111 111 111 111 111 111 111 111 111 111 111 111 111 111 111 111 111 111 111 111 111 111 111 111 111 111 111 111 111 111 111 111 111 111 111 111 111 111 111 111 111 111 111 111 111 111 111 111 111 111 111 111 111 111 111 111 111 111 111 111 111 111 111 111 111 111 111 111 111 111 111 
111 111 111 111 111 111 111 111 111 111 111 111 111 111 111 111 111 111 111 111 111 111 111 111 111 111 111 111 111 111 111 111 111 111 111 111 111 111 111 111 111 111 111 111 111 111 111 111 111 111 111 111 111 111 111 111 111 111 111 111 111 111 111 111 111 111 111 111 111 111 111 111 111 111 111 111 111 111 111 111 111 111 111 111 111 111 111 111 111 111 111 111 111 111 111 111 111 111 111 111 
111 111 111 111 111 111 111 111 111 111 111 111 111 111 111 111 111 111 111 111 111 111 111 111 111 111 111 111 111 111 111 111 111 111 111 111 111 111 111 111 111 111 111 111 111 111 111 111 111 111 111 111 111 111 111 111 111 111 111 123 123 123 123 123 123 123 123 123 123 123 123 123 123 123 123 123 123 123 123 111 111 111 111 111 111 111 111 111 111 111 111 111 111 111 111 111 111 111 111 111 
111 111 111 111 111 111 111 111 111 111 111 111 111 111 111 111 111 111 111 111 111 111 111 111 111 111 111 111 111 111 111 111 111 111 111 111 111 111 111 111 111 111 111 111 111 111 111 111 111 111 111 111 111 111 111 111 111 111 123 123 123 123 123 123 123 123 123 123 123 123 123 123 123 123 123 123 123 123 123 123 123 111 111 111 111 111 111 111 111 111 111 111 111 111 111 111 111 111 111 111 
111 111 111 111 111 111 111 111 111 111 111 111 111 111 111 111 111 111 111 111 111 111 111 111 111 111 111 111 111 111 111 111 111 111 111 111 111 111 111 111 111 111 111 111 111 111 111 111 111 111 111 111 111 111 111 111 123 123 123 123 123 123 123 123 123 123 123 123 123 123 123 123 123 123 123 123 123 123 123 123 123 123 123 111 111 111 111 111 111 111 111 111 111 111 111 111 111 111 111 111 
111 111 111 111 111 111 111 111 111 111 111 111 111 111 111 111 111 111 111 111 111 111 111 111 111 111 111 111 111 111 111 111 111 111 111 111 111 111 111 111 111 111 111 111 111 111 111 111 111 111 111 111 111 111 111 123 123 123 123 123 123 123 123 123 123 123 123 123 123 123 123 123 123 123 123 123 123 123 123 123 123 123 123 123 111 111 111 111 111 111 111 111 111 111 111 111 111 111 111 111 
111 111 111 111 111 111 111 111 111 111 111 111 111 111 111 111 111 111 111 111 111 111 111 111 111 111 111 111 111 111 111 111 111 111 111 111 111 111 111 111 111 111 111 111 111 111 111 111 111 111 111 111 111 111 123 123 123 123 123 123 123 123 123 123 123 123 123 123 123 123 123 123 123 123 123 123 123 123 123 123 123 123 123 123 123 111 111 111 111 111 111 111 111 111 111 111 111 111 111 111 
111 111 111 111 111 111 111 111 111 111 111 111 111 111 111 111 111 111 111 111 111 111 111 111 111 111 111 111 111 111 111 111 111 111 111 111 111 111 111 111 111 111 111 111 111 111 111 111 111 111 111 111 111 123 123 123 123 123 123 123 123 123 123 123 123 123 123 123 123 123 123 123 123 123 123 123 123 123 123 123 123 123 123 123 123 123 111 111 111 111 111 111 111 111 111 111 111 111 111 111 
111 111 111 111 111 111 111 111 111 111 111 111 111 111 111 111 111 111 111 111 111 111 111 111 111 111 111 111 111 111 111 111 111 111 111 111 111 111 111 111 111 111 111 111 111 111 111 111 111 111 111 111 123 123 123 123 123 123 123 123 123 123 123 123 123 123 123 123 123 123 123 123 123 123 123 123 123 123 123 123 123 123 123 123 123 123 123 111 111 111 111 111 111 111 111 111 111 111 111 111 
111 111 111 111 111 111 111 111 111 111 111 111 111 111 111 111 111 111 111 111 111 111 111 111 111 111 111 111 111 111 111 111 111 111 111 111 111 111 111 111 111 111 111 111 111 111 111 111 111 111 111 123 123 123 123 123 123 123 123 123 123 123 123 123 63 63 63 63 63 63 63 63 63 63 63 63 118 63 123 123 123 123 123 123 63 123 63 63 111 111 111 111 111 111 111 111 111 111 111 111 
111 111 111 111 111 111 111 111 111 111 111 111 111 111 111 111 111 111 111 111 111 111 111 111 111 111 111 111 111 111 111 111 111 111 111 111 111 111 111 111 111 111 111 111 111 111 111 111 111 111 123 123 123 123 123 123 63 118 63 63 63 63 63 63 63 63 63 63 63 63 63 63 63 63 63 63 63 63 63 63 63 63 63 63 63 123 63 63 63 111 111 111 111 111 111 111 111 111 111 111 
111 111 111 111 111 111 111 111 111 111 111 111 111 111 111 111 111 111 111 111 111 111 111 111 111 111 111 111 111 111 111 111 111 111 111 111 111 111 111 111 111 111 111 111 111 111 111 111 111 123 123 123 123 123 63 63 63 63 63 63 63 63 63 63 63 118 63 63 63 63 63 63 63 63 63 63 63 63 63 63 123 123 123 123 123 123 123 123 123 123 111 111 111 111 111 111 111 111 111 111 
111 111 111 111 111 111 111 111 111 111 111 111 111 111 111 111 111 111 111 111 111 111 111 111 111 111 111 111 111 111 111 111 111 111 111 111 111 111 111 111 111 111 111 111 111 111 111 111 111 123 123 123 63 63 63 63 63 63 63 123 123 123 123 63 63 63 63 63 63 63 63 63 63 123 123 123 123 123 123 123 123 123 123 123 123 123 123 123 123 123 123 111 111 111 111 111 111 111 111 111 
111 111 111 111 111 111 111 111 111 111 111 111 111 111 111 111 111 111 111 111 111 111 111 111 111 111 111 111 111 111 111 111 111 111 111 111 111 111 111 111 111 111 111 111 111 111 111 111 123 123 123 123 63 63 63 63 63 63 63 63 123 63 63 123 123 123 63 63 63 63 63 63 123 63 123 123 123 123 123 123 123 123 123 123 123 123 123 123 123 123 123 111 111 111 111 111 111 111 111 111 
111 111 111 111 111 111 111 111 111 111 111 111 111 111 111 111 111 111 111 111 111 111 111 111 111 111 111 111 111 111 111 111 111 111 111 111 111 111 111 111 111 111 111 111 111 111 111 111 123 123 123 123 63 63 63 63 63 63 63 63 123 123 63 63 63 63 123 63 63 63 63 63 63 63 123 123 123 123 123 123 123 123 123 123 123 123 123 123 123 123 123 123 111 111 111 111 111 111 111 111 
111 111 111 111 111 111 111 111 111 111 111 111 111 111 111 111 111 111 111 111 111 111 111 111 111 111 111 111 111 111 111 111 111 111 111 111 111 111 111 111 111 111 111 111 111 111 111 111 123 123 123 63 63 63 63 63 63 63 63 63 63 123 63 63 63 63 63 63 123 123 63 63 63 70 70 123 123 123 123 123 123 123 123 123 123 118 123 123 123 123 123 123 111 111 111 111 111 111 111 111 
111 111 111 111 111 111 111 111 111 111 111 111 111 111 111 111 111 111 111 111 111 111 111 111 111 111 111 111 111 111 111 111 111 111 111 111 111 111 111 111 111 111 111 111 111 111 111 111 123 123 123 63 63 63 63 63 63 63 63 63 63 123 63 63 63 63 63 63 123 123 63 63 63 70 70 63 123 123 123 123 123 123 123 123 123 123 123 123 123 123 123 123 63 111 111 111 111 111 111 111 
111 111 111 111 111 111 111 111 111 111 111 111 111 111 111 111 111 111 111 111 111 111 111 111 111 111 111 111 111 111 111 111 111 111 111 111 111 111 111 111 111 111 111 111 111 111 111 111 123 123 123 63 63 63 63 63 63 63 63 63 63 123 123 123 63 63 63 63 63 123 123 63 63 70 70 63 63 123 123 123 123 123 123 123 123 123 123 123 123 123 123 123 63 111 111 111 111 111 111 111 
111 111 111 111 111 111 111 111 111 111 111 111 111 111 111 111 111 111 111 111 111 111 111 111 111 111 111 111 111 111 111 111 111 111 111 111 111 111 111 111 111 111 111 111 111 111 111 111 123 123 123 63 63 63 63 63 63 63 63 63 63 63 63 63 63 63 63 63 63 63 118 123 123 70 70 63 63 123 63 123 123 123 123 123 123 123 123 123 123 123 123 123 63 111 111 111 111 111 111 111 
111 111 111 111 111 111 111 111 111 111 111 111 111 111 111 111 111 111 111 111 111 111 111 111 111 111 111 111 111 111 111 111 111 111 111 111 111 111 111 111 111 111 111 111 111 111 111 111 123 123 123 123 63 63 63 63 63 63 63 63 63 63 63 63 63 63 63 63 63 63 63 63 123 70 70 63 63 123 70 70 63 63 123 123 123 123 123 123 123 123 123 123 63 111 111 111 111 111 111 111 
111 111 111 111 111 111 111 111 111 111 111 111 111 111 111 111 111 111 111 111 111 111 111 111 111 111 111 111 111 111 111 111 111 111 111 111 111 111 111 111 111 111 111 111 111 111 111 111 123 123 123 123 63 63 63 63 63 63 63 63 63 63 63 63 63 63 63 63 63 63 63 63 63 70 70 70 70 70 70 70 70 70 70 70 70 70 70 70 70 123 123 123 63 111 111 111 111 111 111 111 
111 111 111 111 111 111 111 111 111 111 111 111 111 111 111 111 111 111 111 111 111 111 111 111 111 111 111 111 111 111 111 111 111 111 111 111 111 111 111 111 111 111 111 111 111 111 111 111 123 123 123 123 123 63 63 63 101 63 63 63 63 63 63 63 63 63 63 63 63 63 63 63 63 70 70 70 70 70 70 70 70 70 70 70 70 70 70 70 70 123 123 123 63 111 111 111 111 111 111 111 
111 111 111 111 111 111 111 111 111 111 111 111 111 111 111 111 111 111 111 111 111 111 111 111 111 111 111 111 111 111 111 111 111 111 111 111 111 111 111 111 111 111 111 111 111 111 111 111 123 123 123 123 123 63 63 63 63 63 63 63 63 63 63 63 63 63 63 63 63 63 63 123 123 70 70 70 123 123 63 63 63 63 63 63 63 63 123 123 123 123 123 123 63 111 111 111 111 111 111 111 
111 111 111 111 111 111 111 111 111 111 111 111 111 111 111 111 111 111 111 111 111 111 111 111 111 111 111 111 111 111 111 111 111 111 111 111 111 111 111 111 111 111 111 111 111 111 111 111 123 123 123 123 123 63 63 63 63 63 63 63 63 63 63 63 63 63 63 63 63 63 123 123 123 70 70 123 123 123 123 123 123 123 123 123 123 63 63 63 123 123 123 123 63 111 111 111 111 111 111 111 
111 111 111 111 111 111 111 111 111 111 111 111 111 111 111 111 111 111 111 111 111 111 111 111 111 111 111 111 111 111 111 111 111 111 111 111 111 111 111 111 111 111 111 111 111 111 111 111 123 123 123 123 123 123 63 63 63 63 63 63 63 63 63 63 63 63 63 63 63 63 123 63 123 70 70 63 63 63 63 63 63 63 63 63 63 123 123 63 63 123 123 123 63 111 111 111 111 111 111 111 
111 111 111 111 111 111 111 111 111 111 111 111 111 111 111 111 111 111 111 111 111 111 111 111 111 111 111 111 111 111 111 111 111 111 111 111 111 111 111 111 111 111 111 111 111 111 111 111 111 123 123 123 123 123 123 123 63 63 63 63 63 63 63 63 63 63 63 118 63 63 123 123 123 70 70 70 63 63 63 63 63 63 63 63 63 63 123 63 63 63 123 123 63 111 111 111 111 111 111 111 
111 111 111 111 111 111 111 111 111 111 111 111 111 111 111 111 111 111 111 111 111 111 111 111 111 111 111 111 111 111 111 111 111 111 111 111 111 111 111 111 111 111 111 111 111 111 111 111 111 111 123 123 123 123 123 123 123 63 63 63 63 63 63 63 63 63 63 63 63 63 63 63 63 70 70 70 123 123 123 123 123 123 123 123 63 123 123 63 63 63 123 123 63 111 111 111 111 111 111 111 
111 111 111 111 111 111 111 111 111 111 111 111 111 111 111 111 111 111 111 111 111 111 111 111 111 111 111 111 111 111 111 111 111 111 111 111 111 111 111 111 111 111 111 111 111 111 111 111 111 111 111 123 123 123 123 123 123 123 63 63 63 63 63 63 63 63 63 63 63 63 63 63 63 63 63 63 63 63 63 63 63 63 63 123 123 123 63 63 63 63 123 123 63 111 111 111 111 111 111 111 
111 111 111 111 111 111 111 111 111 111 111 111 111 111 111 63 63 63 63 63 63 63 63 111 111 111 111 111 111 111 111 111 111 111 111 111 111 111 111 111 111 111 111 111 111 111 111 111 111 111 111 111 123 123 123 123 123 123 123 63 63 63 63 63 63 63 63 63 63 63 63 63 63 120 63 63 63 63 63 120 63 63 63 63 63 63 63 63 63 63 63 63 63 111 111 111 111 111 111 111 
111 111 111 111 111 111 111 111 111 111 111 111 111 111 63 63 63 70 63 63 63 63 63 63 111 111 111 111 111 111 111 111 111 111 111 111 111 111 111 111 111 111 111 111 111 111 111 111 111 111 111 111 111 123 123 123 123 123 123 123 123 123 63 63 63 63 63 63 63 63 63 63 63 63 63 63 63 63 63 63 63 63 63 63 63 63 63 63 63 63 63 63 63 111 111 111 111 111 111 111 
111 111 111 111 111 111 111 111 111 111 111 111 111 63 63 63 63 70 123 63 63 70 63 63 63 111 111 111 111 111 111 111 111 111 111 111 111 111 111 111 111 111 111 111 111 111 111 111 111 111 111 111 111 111 111 123 123 123 123 123 123 123 123 123 123 123 63 63 63 63 63 63 63 63 63 63 63 63 63 63 63 63 63 63 63 63 63 63 63 63 63 63 123 111 111 111 111 111 111 111 
111 111 111 111 111 111 111 111 111 111 111 111 63 63 63 63 63 70 123 63 63 70 70 63 63 123 111 111 111 111 111 111 111 111 111 111 111 111 111 111 111 111 111 111 111 111 111 111 111 111 111 111 111 111 111 111 123 123 123 123 123 123 123 123 123 123 123 123 63 63 63 63 63 63 63 63 63 63 63 63 63 63 63 63 63 63 63 63 63 63 63 123 123 111 111 111 111 111 111 111 
111 111 111 111 111 111 111 111 111 111 111 111 63 63 63 63 63 70 123 63 63 70 70 70 70 70 111 111 111 111 111 111 111 111 111 111 111 111 111 111 111 111 111 111 111 111 111 111 111 111 111 111 111 111 111 111 111 123 123 123 123 123 123 123 123 123 123 123 123 123 63 63 63 63 63 63 63 63 63 63 63 63 63 63 63 63 63 63 63 123 123 123 111 111 111 111 111 111 111 111 
111 111 111 111 111 111 111 111 111 111 111 111 63 63 63 63 70 70 123 63 63 70 63 63 70 70 111 111 111 111 111 111 111 111 111 111 111 111 111 111 111 111 111 111 111 111 111 111 111 111 111 111 111 111 111 111 111 111 123 123 123 123 123 123 123 123 123 123 123 123 123 123 63 63 63 63 63 63 63 63 63 63 63 63 63 63 63 63 123 123 111 111 111 111 111 111 111 111 111 111 
111 111 111 111 111 111 111 111 111 111 111 111 63 63 63 63 70 70 70 70 63 63 63 70 70 70 111 111 111 111 111 111 111 111 111 111 111 111 111 111 111 111 111 111 111 111 111 111 111 111 111 111 111 111 111 111 111 111 111 111 111 123 123 123 123 123 123 123 123 123 123 123 63 63 63 63 63 63 63 63 63 63 63 63 63 63 63 63 123 111 111 111 111 111 111 111 111 111 111 111 
111 111 111 111 111 111 111 111 111 111 111 111 63 63 63 63 63 70 70 70 70 70 70 70 70 70 111 111 111 111 111 111 111 111 111 111 111 111 111 111 111 111 111 111 111 111 111 111 111 111 111 111 111 111 111 111 111 111 111 111 111 111 111 123 123 123 123 123 123 123 123 123 63 63 41 43 63 63 63 63 63 41 41 63 63 63 63 63 111 111 111 111 111 111 111 111 111 111 111 111 
111 111 111 111 111 111 111 111 111 111 111 111 123 63 63 63 63 63 63 63 70 70 63 63 63 63 111 111 111 111 111 111 111 111 111 111 111 111 111 111 111 111 111 111 111 111 111 111 111 111 111 111 111 111 111 111 111 111 111 111 111 111 111 111 111 123 123 123 111 41 41 41 41 41 41 41 63 63 63 63 63 44 41 41 41 41 41 41 41 111 111 111 111 111 111 111 111 111 111 111 
111 111 111 111 111 111 111 111 111 111 111 111 123 63 63 63 63 63 63 63 63 63 63 63 63 123 111 111 111 111 111 111 111 111 111 111 111 111 111 111 111 111 111 111 111 111 111 111 111 111 111 111 111 111 111 111 111 111 111 111 111 111 111 111 111 111 41 41 41 41 41 41 44 41 41 43 63 63 63 63 63 41 44 41 41 41 41 41 44 111 111 111 111 111 111 111 111 111 111 111 
111 111 111 111 111 111 111 111 111 111 111 111 111 63 63 63 63 63 63 63 63 63 63 63 123 111 111 111 111 111 111 111 111 111 111 111 111 111 111 111 111 111 111 111 111 111 111 111 111 111 111 111 111 111 111 111 111 111 111 111 111 111 111 111 111 111 41 41 41 41 41 63 63 63 63 63 63 63 63 63 63 70 70 70 70 70 70 41 41 111 111 111 111 111 111 111 111 111 111 111 
111 111 111 111 111 111 111 111 111 111 111 111 111 111 63 63 63 63 63 63 63 63 63 123 111 111 111 111 111 111 111 111 111 111 111 111 111 111 111 111 111 111 111 63 63 63 63 63 63 63 63 63 123 119 123 123 123 123 123 123 123 63 63 63 63 63 41 63 63 63 63 63 63 63 63 63 63 63 63 63 63 63 63 63 63 41 41 41 41 111 111 111 111 111 111 111 111 111 111 111 
111 111 111 111 111 111 111 111 111 111 111 111 111 111 111 123 123 63 63 63 63 63 123 111 111 111 111 111 111 111 111 111 111 111 111 111 111 111 111 111 111 111 111 63 63 63 63 63 63 63 123 63 63 63 63 63 63 63 123 123 63 63 63 63 63 63 63 63 63 63 63 63 63 63 63 63 63 63 63 63 63 63 63 41 41 44 41 41 111 111 111 111 111 111 111 111 111 111 111 111 
111 111 111 111 111 111 111 111 111 111 111 111 111 111 111 111 111 111 111 111 111 111 111 111 111 111 111 111 111 111 111 111 111 111 111 111 111 111 111 111 111 111 111 63 63 63 63 63 63 63 123 123 123 123 123 123 123 123 123 63 63 63 63 63 63 63 41 63 63 63 63 63 63 63 63 63 63 63 63 63 41 41 41 41 41 41 41 111 111 111 111 111 111 111 111 111 111 111 111 111 
111 111 111 111 111 111 111 111 111 111 111 111 111 111 111 111 111 111 111 111 111 111 111 111 111 111 111 111 111 111 111 111 111 111 111 111 111 111 111 111 111 111 111 63 63 111 111 111 111 63 123 123 111 111 111 111 111 111 111 111 111 111 111 111 111 111 41 41 41 41 41 41 41 41 43 41 41 41 41 41 41 41 41 111 111 111 111 111 111 111 111 111 111 111 111 111 111 111 111 111 
111 111 111 111 111 111 111 111 111 111 111 111 111 111 111 111 111 111 111 111 111 111 111 111 111 111 111 111 111 111 111 111 111 111 111 111 111 111 111 111 111 111 111 63 63 111 111 111 111 63 63 63 111 111 111 111 111 111 111 111 111 111 111 111 111 111 41 41 41 45 41 41 41 41 41 41 41 41 41 41 41 41 111 111 111 111 111 111 111 111 111 111 111 111 111 111 111 111 111 111 
111 111 111 111 111 111 111 111 111 111 111 111 111 111 111 111 111 111 111 111 111 111 111 111 111 111 111 111 111 111 111 111 111 111 111 111 111 111 111 111 111 111 111 63 63 111 111 111 111 63 63 63 111 111 111 111 111 111 111 111 111 111 111 111 111 111 111 111 111 111 111 111 111 111 111 111 111 111 111 111 111 111 111 111 111 111 111 111 111 111 111 111 111 111 111 111 111 111 111 111 
111 111 111 111 111 111 111 111 111 111 111 111 111 111 111 111 111 111 111 111 111 111 111 111 111 111 111 111 111 111 111 111 111 111 111 111 111 111 111 111 111 111 111 63 63 111 111 111 111 63 63 63 63 63 63 63 63 63 63 63 63 63 63 63 111 63 63 63 63 63 63 63 119 63 63 63 63 63 63 63 63 63 63 63 63 63 111 111 111 111 111 111 111 111 111 111 111 111 111 111 
111 111 111 111 111 111 111 111 111 111 111 111 111 111 111 111 111 111 111 111 111 111 111 111 111 111 111 111 111 111 111 111 111 111 111 111 111 111 111 111 111 111 111 119 63 111 111 111 111 63 63 63 63 63 63 111 111 63 63 63 101 63 63 63 111 63 63 63 63 63 63 63 63 63 63 63 63 63 63 63 63 63 63 63 63 63 111 111 111 111 111 111 111 111 111 111 111 111 111 111 
111 111 111 111 111 111 111 111 111 111 111 111 111 111 111 111 111 111 111 111 111 111 111 111 111 111 111 111 111 111 111 111 111 111 111 111 111 111 111 111 111 111 111 63 63 111 111 111 111 111 111 111 111 63 63 111 111 63 63 63 63 63 63 63 111 63 111 111 111 111 111 111 111 111 111 111 111 111 111 111 111 111 111 111 63 63 111 111 111 111 111 111 111 111 111 111 111 111 111 111 
111 111 111 111 111 111 111 111 111 111 111 111 111 111 111 111 111 111 111 111 111 111 111 111 111 111 111 111 111 111 111 111 111 111 111 111 111 111 111 111 111 111 111 63 63 111 111 111 111 111 111 111 111 63 63 111 111 111 111 111 111 111 63 63 111 63 111 63 63 63 63 63 63 63 63 63 63 111 63 63 63 63 63 111 63 63 111 111 111 111 111 111 111 111 111 111 111 111 111 111 
111 111 111 111 111 111 111 111 111 111 111 111 111 111 111 111 111 111 111 111 111 111 111 111 111 111 111 111 111 111 111 111 111 111 111 111 111 111 111 111 111 111 111 63 63 111 111 111 111 111 111 111 111 63 63 111 63 63 111 111 111 111 63 63 111 63 111 63 111 111 111 111 111 111 111 111 63 111 63 111 111 111 63 111 63 63 111 111 111 111 111 111 111 111 111 111 111 111 111 111 
111 111 111 111 111 111 111 111 111 111 111 111 111 111 111 111 111 111 111 111 111 111 111 111 111 111 111 111 111 111 111 111 111 111 111 111 111 111 111 63 63 63 63 63 63 63 63 63 123 111 111 111 111 63 63 111 63 63 111 63 63 63 63 63 111 63 111 63 63 63 63 63 63 63 111 111 63 111 63 63 63 111 63 111 63 63 111 111 111 111 111 111 111 111 111 111 111 111 111 111 
111 111 111 111 111 111 111 111 111 111 111 111 111 111 111 111 111 111 111 111 111 111 111 111 111 111 111 111 111 111 111 111 111 111 111 111 111 111 63 63 63 63 63 63 63 63 63 63 123 123 111 111 111 63 63 63 63 63 111 63 111 111 111 111 111 63 111 111 111 111 111 111 111 63 111 111 63 111 111 111 63 111 63 63 63 63 111 111 111 111 111 111 111 111 111 111 111 111 111 111 
111 111 111 111 111 111 111 111 111 111 111 111 111 111 111 111 111 111 111 111 111 111 111 111 111 111 111 111 111 111 111 111 111 111 111 111 111 111 63 63 63 63 63 63 63 63 63 63 123 123 111 111 111 63 63 63 63 63 111 63 63 63 63 63 63 63 111 63 63 63 63 63 63 63 111 111 63 63 63 63 63 111 63 63 63 63 111 111 111 111 111 111 111 111 111 111 111 111 111 111 
111 111 111 111 111 111 111 111 111 111 111 111 111 111 111 111 111 111 111 111 111 111 111 111 111 111 111 111 111 111 111 111 111 111 111 111 111 111 63 63 63 63 63 63 63 63 63 123 123 123 111 111 111 111 111 111 111 111 111 111 111 111 111 111 111 111 111 63 111 111 111 111 111 111 111 111 111 111 111 111 111 111 111 111 111 111 111 111 111 111 111 111 111 111 111 111 111 111 111 111 
111 111 111 111 111 111 111 111 111 111 111 111 111 111 111 111 111 111 111 111 111 111 111 111 111 111 111 111 111 111 111 111 111 111 111 111 111 111 123 63 63 63 63 63 63 63 63 123 123 123 111 111 63 63 63 63 63 63 111 63 63 63 111 63 63 63 111 63 111 63 63 63 63 63 63 63 70 63 63 63 63 63 63 63 63 63 63 63 63 111 111 111 111 111 111 111 111 111 111 111 
111 111 111 111 111 111 111 111 111 111 111 111 111 111 111 111 111 111 111 111 111 111 111 111 111 111 111 111 111 111 111 111 111 111 111 111 111 111 111 63 63 63 63 63 63 123 123 123 123 111 111 111 63 63 111 111 111 63 111 63 111 63 111 63 111 63 111 63 111 63 63 63 120 63 63 63 63 63 63 63 63 63 63 63 63 63 119 63 63 111 111 111 111 111 111 111 111 111 111 111 
111 111 111 111 111 111 111 111 111 111 111 111 111 111 111 111 111 111 111 111 111 111 111 111 111 111 111 111 111 111 111 111 111 111 111 111 111 111 111 111 111 111 111 111 111 111 111 111 111 111 111 111 63 63 111 111 111 63 111 63 111 63 111 63 111 63 111 63 63 63 63 63 63 63 63 63 111 63 63 111 111 111 111 111 111 111 111 111 111 111 111 111 111 111 111 111 111 111 111 111 
111 111 111 111 111 111 111 111 111 111 111 111 111 111 111 111 111 111 111 111 111 111 111 111 111 111 111 111 111 111 111 111 111 111 111 111 111 111 111 111 111 111 111 111 111 111 111 111 111 111 111 111 63 63 63 63 111 63 63 63 111 63 63 63 111 63 63 63 63 63 63 63 63 63 63 63 111 63 63 111 63 63 63 63 63 63 63 63 63 111 111 111 111 111 111 111 111 111 111 111 
111 111 111 111 111 111 111 111 111 111 111 111 111 111 111 111 111 111 111 111 111 111 111 111 111 111 111 111 111 111 111 111 111 111 111 111 111 111 111 111 111 111 111 111 111 111 111 111 111 111 111 111 111 111 111 111 111 111 111 111 111 111 111 111 111 111 111 111 111 111 111 111 111 111 111 111 111 63 63 111 63 63 63 63 63 63 63 63 63 111 111 111 111 111 111 111 111 111 111 111 
111 111 111 111 111 111 111 111 111 111 111 111 111 111 111 111 111 111 111 111 111 111 111 111 111 111 111 111 111 111 111 111 111 111 111 111 111 111 111 111 111 111 111 111 111 111 111 111 111 111 111 111 63 63 63 63 63 63 111 63 63 63 63 63 63 63 63 63 63 63 63 63 63 63 63 63 63 63 63 111 63 63 111 111 111 111 111 63 63 111 111 111 111 111 111 111 111 111 111 111 
111 111 111 111 111 111 111 111 111 111 111 111 111 111 111 111 111 111 111 111 111 111 111 111 111 111 111 111 111 111 111 111 111 111 111 111 111 111 111 111 111 111 111 111 111 111 111 111 111 111 111 111 63 63 63 63 63 63 111 63 63 63 63 63 63 63 63 63 63 120 63 63 63 63 63 63 63 63 63 111 63 63 111 63 63 63 63 63 63 111 111 111 111 111 111 111 111 111 111 111 
111 111 111 111 111 111 111 111 111 111 111 111 111 111 111 111 111 111 111 111 111 111 111 111 111 111 111 111 111 111 111 111 111 111 111 111 111 111 111 111 111 111 111 111 111 111 111 111 111 111 111 111 63 63 63 111 63 63 111 63 63 111 111 111 111 111 111 111 111 111 111 111 111 111 111 111 111 111 111 111 63 63 111 63 123 70 63 63 63 111 111 111 111 111 111 111 111 111 111 111 
111 111 111 111 111 111 111 111 111 111 111 111 111 111 111 111 111 111 111 111 111 111 111 111 111 111 111 111 111 111 111 111 111 111 111 111 111 111 111 111 111 111 111 111 111 111 111 111 111 111 111 111 63 63 63 111 63 63 111 63 63 63 63 63 63 63 63 63 63 63 63 63 63 63 63 63 63 63 111 111 63 63 111 63 123 111 111 111 111 111 111 111 111 111 111 111 111 111 111 111 
111 111 111 111 111 111 111 111 111 111 111 111 111 111 111 111 111 111 111 111 111 111 111 111 111 111 111 111 111 111 111 111 111 111 111 111 111 111 111 111 111 111 111 111 111 111 111 111 111 111 111 111 63 63 63 111 63 63 111 63 63 63 63 63 63 63 63 63 63 63 63 63 63 63 63 63 63 63 111 111 63 63 111 123 123 70 63 63 63 111 111 111 111 111 111 111 111 111 111 111 
111 111 111 111 111 111 111 111 111 111 111 111 111 111 111 111 111 111 111 111 111 111 111 111 111 111 111 111 111 111 111 111 111 111 111 111 111 111 111 111 111 111 111 111 111 111 111 111 111 111 111 111 63 63 63 111 63 63 111 111 111 111 111 111 111 111 111 111 111 111 111 111 111 111 111 111 63 63 111 111 63 63 111 123 123 70 63 63 63 111 111 111 111 111 111 111 111 111 111 111 
111 111 111 111 111 111 111 111 111 111 111 111 111 111 111 111 111 111 111 111 111 111 111 111 111 111 111 111 111 111 111 111 111 111 111 111 111 111 111 111 111 111 111 111 111 111 111 111 111 111 111 111 63 63 63 111 63 63 63 63 63 63 63 63 63 63 63 63 63 63 63 63 63 63 63 63 63 63 111 111 111 111 111 111 111 111 111 63 118 111 111 111 111 111 111 111 111 111 111 111 
111 111 111 111 111 111 111 111 111 111 111 111 111 111 111 111 111 111 111 111 111 111 111 111 111 111 111 111 111 111 111 111 111 111 111 111 111 111 111 111 111 111 111 111 111 111 111 111 111 111 111 111 63 63 63 111 63 63 63 63 63 63 63 63 63 63 63 63 63 63 63 63 63 63 63 63 63 63 111 63 101 63 63 63 111 111 111 63 63 111 111 111 111 111 111 111 111 111 111 111 
111 111 111 111 111 111 111 111 111 111 111 111 111 111 111 111 111 111 111 111 111 111 111 111 111 111 111 111 111 111 111 111 111 111 111 111 111 111 111 111 111 111 111 111 111 111 111 111 111 111 111 111 63 63 111 111 111 111 111 111 111 111 111 111 111 111 111 111 111 111 111 111 111 111 111 111 111 111 111 63 63 63 63 63 111 111 111 63 63 111 111 111 111 111 111 111 111 111 111 111 
111 111 111 111 111 111 111 111 111 111 111 111 111 111 111 111 111 111 111 111 111 111 111 111 111 111 111 111 111 111 111 111 111 111 111 111 111 111 111 111 111 111 111 111 111 111 111 111 111 111 111 111 63 63 111 63 63 63 63 63 111 63 63 111 63 63 63 63 63 63 63 63 63 63 63 63 63 63 111 63 63 111 63 63 111 111 111 63 63 111 111 111 111 111 111 111 111 111 111 111 
111 111 111 111 111 111 111 111 111 111 111 111 111 111 111 111 111 111 111 111 111 111 111 111 111 111 111 111 111 111 111 111 111 111 111 111 111 111 111 111 111 111 111 111 111 111 111 111 111 111 111 111 63 63 111 120 63 63 63 63 111 63 63 111 63 101 63 63 63 63 63 63 63 63 63 63 63 63 111 63 63 111 63 63 111 111 111 63 63 111 111 111 111 111 111 111 111 111 111 111 
111 111 111 111 111 111 111 111 111 111 111 111 111 111 111 111 111 111 111 111 111 111 111 111 111 111 111 111 111 111 111 111 111 111 111 111 111 111 111 111 111 111 111 111 111 111 111 111 111 111 111 111 63 63 111 63 63 111 63 63 111 63 63 111 63 63 111 111 111 111 111 111 111 111 111 111 63 63 111 63 63 111 63 63 111 111 111 63 63 111 111 111 111 111 111 111 111 111 111 111 
111 111 111 111 111 111 111 111 111 111 111 111 111 111 111 111 111 111 111 111 111 111 111 111 111 111 111 111 111 111 111 111 111 111 111 111 111 111 111 111 111 111 111 111 111 111 111 111 111 111 111 111 63 63 111 63 63 111 63 63 111 63 63 111 63 63 111 63 63 63 63 63 63 63 63 111 63 63 111 63 63 111 63 63 111 111 111 63 63 111 111 111 111 111 111 111 111 111 111 111 
111 111 111 111 111 111 111 111 111 111 111 111 111 111 111 111 111 111 111 111 111 111 111 111 111 111 111 111 111 111 111 111 111 111 111 111 111 111 111 111 111 111 111 111 111 111 111 111 111 111 111 111 63 63 111 63 63 111 63 63 111 63 63 111 63 63 111 63 63 63 63 63 63 63 63 111 63 63 111 63 63 111 63 63 111 111 111 63 63 111 111 111 111 111 111 111 111 111 111 111 
111 111 111 111 111 111 111 111 111 111 111 111 111 111 111 111 111 111 111 111 111 111 111 111 111 111 111 111 111 111 111 111 111 111 111 111 111 111 111 111 111 111 111 111 111 111 111 111 111 111 111 111 63 63 111 63 63 111 63 63 111 63 63 111 63 63 111 63 63 111 63 63 111 63 63 111 63 63 111 63 63 111 63 63 111 111 111 63 63 111 111 111 111 111 111 111 111 111 111 111 
111 111 111 111 111 111 111 111 111 111 111 111 111 111 111 111 111 111 111 111 111 111 111 111 111 111 111 111 111 111 111 111 111 111 111 111 111 111 111 111 111 111 111 111 111 111 111 111 111 111 111 111 63 63 111 63 63 111 63 63 111 63 63 111 63 63 111 63 63 111 63 63 111 63 63 111 63 63 111 63 63 111 63 63 111 111 111 63 63 111 111 111 111 111 111 111 111 111 111 111 
111 111 111 111 111 111 111 111 111 111 111 111 111 111 111 111 111 111 111 111 111 111 111 111 111 111 111 111 111 111 111 111 111 111 111 111 111 111 111 111 111 111 111 111 111 111 111 111 111 111 111 111 63 63 111 63 63 111 63 63 111 63 63 111 120 63 63 63 63 111 63 63 111 63 63 63 63 63 63 63 63 111 63 63 63 63 63 63 63 111 111 111 111 111 111 111 111 111 111 111 
111 111 111 111 111 111 111 111 111 111 111 111 111 111 111 111 111 111 111 111 111 111 111 111 111 111 111 111 111 111 111 111 111 111 111 111 111 111 111 111 111 111 111 111 111 111 111 111 111 111 111 111 63 63 63 63 63 111 63 63 63 63 63 111 63 63 63 63 63 111 63 63 111 63 63 63 63 63 63 63 63 111 63 63 63 101 63 63 63 111 111 111 111 111 111 111 111 111 111 111 
111 111 111 111 111 111 111 111 111 111 111 111 111 111 111 111 111 111 111 111 111 111 111 111 111 111 111 111 111 111 111 111 111 111 111 111 111 111 111 111 111 111 111 111 111 111 111 111 111 111 111 111 111 111 111 111 111 111 111 111 111 111 111 111 111 111 111 111 111 111 63 63 111 111 111 111 111 111 111 111 111 111 111 111 111 111 111 111 111 111 111 111 111 111 111 111 111 111 111 111 
111 111 111 111 111 111 111 111 111 111 111 111 111 111 111 111 111 111 111 111 111 111 111 111 111 111 111 111 111 111 111 111 111 111 111 111 111 111 111 111 111 111 111 111 111 111 111 111 111 111 111 111 111 111 111 111 111 111 111 111 111 111 111 111 111 111 111 111 111 111 63 63 111 111 111 111 111 111 111 111 111 111 111 111 111 111 111 111 111 111 111 111 111 111 111 111 111 111 111 111 
111 111 111 111 111 111 111 111 111 111 111 111 111 111 111 111 111 111 111 111 111 111 111 111 111 111 111 111 111 111 111 111 111 111 111 111 111 111 111 111 111 111 111 111 111 111 111 111 111 111 111 111 111 111 111 111 111 111 111 111 111 111 111 111 111 111 111 111 111 111 63 63 111 111 111 111 111 111 111 111 111 111 111 111 111 111 111 111 111 111 111 111 111 111 111 111 111 111 111 111 
111 111 111 111 111 111 111 111 111 111 111 111 111 111 111 111 111 111 111 111 111 111 111 111 111 111 111 111 111 111 111 111 111 111 111 111 111 111 111 111 111 111 111 111 111 111 111 111 111 111 111 111 111 111 111 111 111 111 111 111 111 111 111 111 111 111 111 111 111 111 63 63 111 111 111 111 111 111 111 111 111 111 111 111 111 111 111 111 111 111 111 111 111 111 111 111 111 111 111 111 
111 111 111 111 111 111 111 111 111 111 111 111 111 111 111 111 111 111 111 111 111 111 111 111 111 111 111 111 111 111 111 111 111 111 111 111 111 111 111 111 111 111 111 111 111 111 111 111 111 111 111 111 111 111 111 111 111 111 111 111 111 111 111 111 111 111 111 111 111 111 63 63 111 111 111 111 111 111 111 111 111 111 111 111 111 111 111 111 111 111 111 111 111 111 111 111 111 111 111 111 
111 111 111 111 111 111 111 111 111 111 111 111 111 111 111 111 111 111 111 111 111 111 111 111 111 111 111 111 111 111 111 111 111 111 111 111 111 111 111 111 111 111 111 111 111 111 111 111 111 111 111 111 111 111 111 111 111 111 111 111 111 111 111 111 111 111 111 111 111 111 111 111 111 111 111 111 111 111 111 111 111 111 111 111 111 111 111 111 111 111 111 111 111 111 111 111 111 111 111 111 
111 111 111 111 111 111 111 111 111 111 111 111 111 111 111 111 111 111 111 111 111 111 111 111 111 111 111 111 111 111 111 111 111 111 111 111 111 111 111 111 111 111 111 111 111 111 111 111 111 111 111 111 111 111 111 111 111 111 111 111 111 111 111 111 111 111 111 111 111 111 111 111 111 111 111 111 111 111 111 111 111 111 111 111 111 111 111 111 111 111 111 111 111 111 111 111 111 111 111 111 
